0.96 0.27 1
0.57 0.68 0
0.55 0.25 1
0.79 0.07 1
0.15 0.80 1
0.35 0.93 1
0.58 0.16 1
0.36 0.99 1
0.54 0.78 0
0.93 0.34 1
0.70 0.92 0
0.91 0.34 1
0.92 1.00 0
0.10 0.28 0
0.90 0.73 0
0.13 0.96 1
1.00 0.97 0
0.44 0.11 0
0.44 0.88 1
0.48 0.33 0
0.24 0.65 1
0.94 0.24 1
0.00 0.92 1
0.42 0.28 0
0.44 0.65 1
0.84 0.67 0
0.11 0.17 0
0.13 0.89 1
0.90 0.99 0
0.45 0.11 0
0.82 0.65 0
0.52 0.98 0
0.74 1.00 0
0.53 0.24 1
0.02 0.19 0
0.33 0.76 1
0.43 0.66 1
0.47 0.66 1
0.04 0.20 0
0.57 0.37 1
0.55 0.62 0
0.33 0.59 1
0.27 0.26 0
0.68 0.47 1
0.64 0.75 0
0.47 0.41 0
0.04 0.82 1
0.04 0.19 0
0.38 0.72 1
0.47 0.63 1
0.96 0.35 1
0.76 0.94 0
0.55 0.24 1
0.32 0.78 1
0.42 0.84 1
0.94 0.91 0
0.54 0.83 0
0.35 0.30 0
0.12 0.61 1
0.75 0.44 1
0.32 0.21 0
0.14 0.67 1
0.56 0.65 0
0.06 0.40 0
0.16 0.72 1
0.57 0.99 0
0.07 0.05 0
0.47 0.29 0
0.52 0.44 1
0.63 0.97 0
0.77 0.23 1
0.90 0.78 0
0.89 0.80 0
0.67 0.14 1
0.49 0.00 0
0.26 0.84 1
0.46 0.88 1
0.37 0.42 0
0.53 0.67 0
0.68 0.70 0
0.91 0.73 0
0.21 0.61 1
0.87 0.76 0
0.34 0.28 0
0.86 0.40 1
0.71 0.44 1
0.20 0.05 0
0.04 0.77 1
0.49 0.51 1
0.46 0.06 0
0.76 0.95 0
0.89 0.69 0
0.55 0.47 1
0.59 0.33 1
0.97 0.45 1
0.80 0.39 1
0.82 0.80 0
0.51 0.09 1
0.35 0.17 0
0.66 0.90 0